Archer:         +1   0   0  +4   0   0  +1   0  +3  + 9
Assassin:       +1  +1   0  +2  +1  -2   0   0  +2  + 5
Barbarian:      +5  -2  +2  +1  +3  -1  -1  -4  +1  + 4
Bard:            0  +2  +1  +2  +1  +3  +3  +1  +1  +14
Beastfighter:   +4  -1  -1  +4  +4  -2  -1  -2  +2  + 7
Druid:           0  +1   0   0  +2   0   0  +2  +1  + 6
Elementalist:   -1  +2  +1  +1   0  -2  -1  +2   0  + 2
Farmer:         +2  -2   0   0  +1  -1  -1   0  +1  + 0
Fighter:        +3  -2  +1   0  +1   0   0  -3   0  + 0
Healer:         -1  +1  +3  +1  +4  +1   0  +1  +1  +11
Merchant:        0  +1  +2  +1   0  +3  +1   0  +1  + 9
Mindcrafter:    -3  +2  +4  +1  -1   0   0  +1  +1  + 5
Monk:           +2  +1  +3  +2  +1  -3  -1  -1  +2  + 6
Necromancer:    -1  +2  +2   0  +1  -4  -3  +3   0  + 0
Paladin:        +2  +1  +2  -1   0  +4  +2  +1   0  +11
Priest:          0  +2  +4  -1   0  +1   0  +3   0  + 9
Ranger:         +2  -1   0  +1  +2  -1   0   0  +3  + 6
Thief:           0   0   0  +3   0  +1  +2   0  +3  + 9
Weaponsmith:    +2  -1  +1  +1  +3   0   0  +1  +1  + 8
Wizard:         -2  +3  +3  +1  -1  +2   0  +3  +1  +10
