Dark Elf         9  10  12  15   9   7  12  16  13  +13
Drakeling       13  10  12   9  13  10   8  10   9  + 4
Dwarf           12  11  11   9  13   9   9  10  11  + 5
Gnome            9  11   9  12  11  12  10  14  11  + 9
Gray Elf        10  13  10  14   7   8  18  15  14  +19
High Elf        10  13   9  15   8  10  14  13  14  +16
Human           10  12  10  10  10  10  10  10  10  + 2
Hurthling        6  10  10  15  12  12  10   8  10  + 3
Orc             14   8  10  10  13   8   7   6   8  - 6
Troll           18   5   8   8  18   6   5   6   7  - 9
